avgdl=124.43041649225029
documents=46947044
pagerank_damping=0.85
use_stopwords=true
use_stemmer=false
pagerank_threshold=1.0E-8
timestamp=2023-05-20T22:07:43.427887600Z
