avgdl=124.21341522588727
pagerank_damping=0.85
use_stopwords=true
use_stemmer=false
articles=46947044
pagerank_threshold=1.0E-8
timestamp=2021-05-23T19:53:57.221635600Z
