avgdl=123.02822290579147
max_doc_size=14437
pagerank_damping=0.85
use_stopwords=true
use_stemmer=true
articles=46947044
pagerank_threshold=1.0E-8
timestamp=2020-06-24T21:05:46.977715Z
